0 0.09925 0.5460329341317365 0.105 0.5523952095808383 0.11575 0.5610029940119761 0.12425 0.5726047904191617 0.1295 0.5838323353293413 0.133 0.5958083832335329 0.139 0.6032934131736527 0.139 0.6148952095808383 0.13975 0.6171407185628742 0.147 0.6268712574850299 0.14975 0.6380988023952096 0.15425 0.6463323353293413 0.1585 0.6504491017964071 0.163 0.6699101796407185 0.17375 0.6856287425149701 0.176 0.6931137724550899 0.1765 0.7013473053892215 0.17775 0.7047155688622755 0.18775 0.7166916167664671 0.1895 0.7245508982035929 0.1935 0.7219311377245509 0.197 0.7267964071856288 0.2015 0.7271706586826348 0.20475 0.7249251497005988 0.20725 0.7264221556886228 0.20975 0.7305389221556886 0.2105 0.7387724550898204 0.2105 0.7406437125748503 0.2075 0.7440119760479041 0.20775 0.7477544910179641 0.21375 0.750748502994012 0.21675 0.7544910179640718 0.2235 0.7578592814371258 0.23175 0.7709580838323353 0.23625 0.7720808383233533 0.24025 0.7758233532934131 0.247 0.7773203592814372 0.249 0.7791916167664671 0.25575 0.781437125748503 0.258 0.7836826347305389 0.259 0.7870508982035929 0.27125 0.7904191616766467 0.275 0.7949101796407185 0.27925 0.7941616766467066 0.282 0.7971556886227545 0.2865 0.7990269461077845 0.295 0.7994011976047904 0.2985 0.8038922155688623 0.3105 0.8042664670658682 0.3145 0.8110029940119761 0.32625 0.811751497005988 0.33 0.8143712574850299 0.33725 0.8154940119760479 0.34125 0.8259730538922155 0.34575 0.8252245508982036 0.3605 0.8308383233532934 0.36725 0.8297155688622755 0.36875 0.8304640718562875 0.3725 0.8368263473053892 0.377 0.8372005988023952 0.38 0.8357035928143712 0.3845 0.8364520958083832 0.38825 0.8416916167664671 0.4045 0.8405688622754491 0.41 0.844685628742515 0.412 0.8491766467065869 0.41925 0.8499251497005988 0.4275 0.8488023952095808 0.43125 0.8461826347305389 0.43925 0.843562874251497 0.4435 0.8450598802395209 0.4585 0.8409431137724551 0.4625 0.8450598802395209 0.46675 0.8461826347305389 0.482 0.8375748502994012 0.4905 0.8300898203592815 0.49775 0.8308383233532934 0.50225 0.8270958083832335 0.51375 0.8147455089820359 0.51725 0.8061377245508982 0.5215 0.8057634730538922 0.52325 0.8042664670658682 0.529 0.7941616766467066 0.53725 0.7964071856287425 0.54875 0.781437125748503 0.55225 0.780688622754491 0.5575 0.7717065868263473 0.5605 0.7630988023952096 0.564 0.7593562874251497 0.56925 0.7586077844311377 0.57225 0.7514970059880239 0.57825 0.7470059880239521 0.57975 0.7432634730538922 0.584 0.7451347305389222 0.589 0.7410179640718563 0.59775 0.7279191616766467 0.60125 0.7245508982035929 0.6025 0.7204341317365269 0.609 0.7118263473053892 0.61125 0.7095808383233533 0.61675 0.7092065868263473 0.619 0.7043413173652695 0.62275 0.7020958083832335 0.6255 0.6964820359281437 0.63025 0.6927395209580839 0.6345 0.686751497005988 0.6415 0.6841317365269461 0.64675 0.6803892215568862 0.655 0.6803892215568862 0.661 0.6732784431137725 0.6665 0.6706586826347305 0.66975 0.6654191616766467 0.67375 0.6620508982035929 0.6775 0.6616766467065869 0.68125 0.6497005988023952 0.6925 0.6347305389221557 0.70125 0.625374251497006 0.704 0.6104041916167665 0.70825 0.5958083832335329 0.70875 0.5905688622754491 0.7115 0.5857035928143712 0.71225 0.5800898203592815 0.71375 0.5770958083832335 0.715 0.5681137724550899 0.7165 0.5647455089820359 0.71725 0.5561377245508982 0.72 0.5452844311377245 0.71875 0.5355538922155688 0.715 0.5247005988023952 0.71675 0.5198353293413174 0.717 0.5130988023952096 0.7195 0.501122754491018 0.7245 0.4869011976047904 0.7255 0.47043413173652693 0.72725 0.46444610778443113 0.72525 0.44273952095808383 0.72025 0.4236526946107784 0.717 0.4199101796407186 0.7155 0.4157934131736527 0.70975 0.40793413173652693 0.708 0.40344311377245506 0.6995 0.39595808383233533 0.69625 0.3847305389221557 0.69925 0.3806137724550898 0.69925 0.37649700598802394 0.705 0.375 0.7065 0.3727544910179641 0.7065 0.3693862275449102 0.70925 0.3630239520958084 0.71 0.3555389221556886 0.7155 0.33682634730538924 0.71625 0.32522455089820357 0.7185 0.3143712574850299 0.7185 0.30763473053892215 0.72025 0.29977544910179643 0.7195 0.2949101796407186 0.7205 0.281062874251497 0.72 0.2750748502994012 0.72125 0.2713323353293413 0.71975 0.2657185628742515 0.71975 0.25523952095808383 0.719 0.2518712574850299 0.7145 0.24438622754491018 0.704 0.21145209580838323 0.7005 0.20546407185628743 0.69875 0.19760479041916168 0.69025 0.18525449101796407 0.688 0.1785179640718563 0.68 0.16354790419161677 0.67425 0.1594311377245509 0.66775 0.14820359281437126 0.663 0.14408682634730538 0.65825 0.1373502994011976 0.654 0.1343562874251497 0.64925 0.1347305389221557 0.6425 0.13248502994011976 0.64025 0.12949101796407186 0.6315 0.12275449101796407 0.627 0.11938622754491018 0.623 0.11901197604790419 0.619 0.11489520958083832 0.611 0.11339820359281437 0.6035 0.10965568862275449 0.5845 0.1059131736526946 0.55725 0.10441616766467066 0.52075 0.08794910179640719 0.49825 0.08570359281437126 0.49125 0.08720059880239521 0.47475 0.08046407185628743 0.4705 0.08046407185628743 0.46775 0.08420658682634731 0.465 0.0845808383233533 0.45925 0.08196107784431138 0.44625 0.08270958083832336 0.435 0.07934131736526946 0.42775 0.08570359281437126 0.42 0.08345808383233533 0.41575 0.08383233532934131 0.412 0.08682634730538923 0.40025 0.08532934131736528 0.39675 0.08720059880239521 0.39525 0.09056886227544911 0.393 0.09169161676646706 0.388 0.09019461077844311 0.381 0.09393712574850299 0.37225 0.09393712574850299 0.366 0.09543413173652694 0.36475 0.09880239520958084 0.36175 0.10217065868263472 0.361 0.10703592814371257 0.353 0.1062874251497006 0.34525 0.11115269461077844 0.337 0.11302395209580839 0.3325 0.11788922155688623 0.3305 0.12687125748502995 0.32425 0.12687125748502995 0.314 0.13360778443113772 0.31 0.1343562874251497 0.3065 0.14408682634730538 0.29075 0.1500748502994012 0.2895 0.15381736526946108 0.28525 0.1594311377245509 0.27725 0.16392215568862276 0.271 0.16991017964071856 0.2625 0.17365269461077845 0.25975 0.17926646706586827 0.25825 0.18562874251497005 0.25175 0.18862275449101795 0.242 0.1968562874251497 0.23975 0.2088323353293413 0.23725 0.2129491017964072 0.22875 0.21744011976047903 0.22175 0.2282934131736527 0.22225 0.23278443113772454 0.20975 0.24438622754491018 0.20925 0.24925149700598803 0.207 0.25523952095808383 0.2 0.2638473053892216 0.19875 0.2675898203592814 0.19875 0.2713323353293413 0.19175 0.2833083832335329 0.1915 0.28854790419161674 0.1925 0.2945359281437126 0.183 0.30538922155688625 0.18275 0.3102544910179641 0.18175 0.31175149700598803 0.1755 0.3181137724550898 0.1735 0.3226047904191617 0.17075 0.3244760479041916 0.17075 0.3312125748502994 0.16925 0.3345808383233533 0.1635 0.3416916167664671 0.161 0.35404191616766467 0.154 0.3615269461077844 0.1515 0.36601796407185627 0.15075 0.3727544910179641 0.147 0.3768712574850299 0.143 0.38585329341317365 0.1395 0.3884730538922156 0.138 0.3944610778443114 0.1385 0.39932634730538924 0.1375 0.4083083832335329 0.1355 0.4120508982035928 0.136 0.4157934131736527 0.13275 0.4195359281437126 0.12825 0.4393712574850299 0.12125 0.4554640718562874 0.117 0.46706586826347307 0.11575 0.47342814371257486 0.11325 0.4782934131736527 0.113 0.4865269461077844 0.11025 0.4936377245508982 0.11 0.49925149700598803 0.105 0.5089820359281437 0.104 0.5134730538922155 0.094 0.5291916167664671 0.09325 0.5329341317365269 0.09275 0.5370508982035929 0.09925 0.5460329341317365
1 0.1935 0.7305389221556886 0.20925 0.7361526946107785 0.21075 0.7324101796407185 0.2115 0.7249251497005988 0.20925 0.7155688622754491 0.20475 0.7125748502994012 0.201 0.7122005988023952 0.1955 0.7170658682634731 0.19275 0.7271706586826348 0.1935 0.7305389221556886
1 0.47425 0.6833832335329342 0.47825 0.686377245508982 0.48625 0.6875 0.48875 0.6860029940119761 0.49475 0.6792664670658682 0.4965 0.6740269461077845 0.496 0.6657934131736527 0.494 0.6605538922155688 0.49 0.6523203592814372 0.48625 0.6493263473053892 0.482 0.6489520958083832 0.47625 0.6530688622754491 0.473 0.6583083832335329 0.4705 0.6654191616766467 0.47075 0.6777694610778443 0.47425 0.6833832335329342
1 0.65275 0.4663173652694611 0.65575 0.4708083832335329 0.665 0.4741766467065868 0.67 0.4741766467065868 0.6735 0.47305389221556887 0.676 0.47005988023952094 0.67675 0.4625748502994012 0.6755 0.45845808383233533 0.6735 0.4554640718562874 0.66775 0.4509730538922156 0.663 0.4494760479041916 0.65675 0.4505988023952096 0.654 0.45247005988023953 0.65225 0.4562125748502994 0.65175 0.46032934131736525 0.65275 0.4663173652694611
1 0.4355 0.375374251497006 0.43825 0.3768712574850299 0.44325 0.37649700598802394 0.447 0.37350299401197606 0.44875 0.3690119760479042 0.4495 0.3648952095808383 0.449 0.3574101796407186 0.44625 0.3499251497005988 0.4435 0.3469311377245509 0.43875 0.34655688622754494 0.43525 0.34842814371257486 0.43275 0.3529191616766467 0.4315 0.35853293413173654 0.4315 0.3652694610778443 0.4355 0.375374251497006
1 0.4 0.22005988023952097 0.4055 0.2282934131736527 0.41225 0.23315868263473055 0.416 0.23353293413173654 0.42175 0.2286676646706587 0.426 0.2215568862275449 0.42825 0.21332335329341318 0.428 0.20396706586826346 0.425 0.19610778443113772 0.42025 0.19086826347305388 0.41525 0.18824850299401197 0.41 0.18824850299401197 0.40425 0.19199101796407186 0.40125 0.1964820359281437 0.399 0.2028443113772455 0.3985 0.21407185628742514 0.4 0.22005988023952097
1 0.322 0.33869760479041916 0.323 0.3416916167664671 0.326 0.34543413173652693 0.33 0.3461826347305389 0.337 0.35254491017964074 0.3415 0.35479041916167664 0.34575 0.35479041916167664 0.3485 0.3499251497005988 0.3495 0.343937125748503 0.3495 0.33532934131736525 0.348 0.3259730538922156 0.3445 0.31923652694610777 0.342 0.31773952095808383 0.33 0.31736526946107785 0.32375 0.3222305389221557 0.3215 0.3259730538922156 0.32125 0.3345808383233533 0.322 0.33869760479041916
1 0.21675 0.43600299401197606 0.21875 0.4397455089820359 0.22425 0.44423652694610777 0.229 0.44423652694610777 0.23225 0.44236526946107785 0.237 0.4352544910179641 0.2375 0.4258982035928144 0.2365 0.4195359281437126 0.23475 0.4157934131736527 0.2315 0.4124251497005988 0.22575 0.41092814371257486 0.22275 0.4116766467065868 0.21625 0.42028443113772457 0.21525 0.42327844311377244 0.21525 0.43076347305389223 0.21675 0.43600299401197606
1 0.1985 0.3536676646706587 0.20425 0.36227544910179643 0.20675 0.36414670658682635 0.20875 0.3652694610778443 0.21325 0.36452095808383234 0.2175 0.3615269461077844 0.21975 0.3570359281437126 0.223 0.34468562874251496 0.224 0.32971556886227543 0.22175 0.3222305389221557 0.2195 0.31923652694610777 0.217 0.31736526946107785 0.211 0.31736526946107785 0.20875 0.3184880239520958 0.20575 0.3226047904191617 0.205 0.3255988023952096 0.19725 0.33869760479041916 0.1965 0.34655688622754494 0.1985 0.3536676646706587
0 0.04175 0.5916916167664671 0.049 0.6002994011976048 0.05125 0.6074101796407185 0.059 0.6182634730538922 0.06025 0.6227544910179641 0.06325 0.6268712574850299 0.069 0.6429640718562875 0.07075 0.6534431137724551 0.06875 0.6661676646706587 0.07225 0.6964820359281437 0.07125 0.7069610778443114 0.07175 0.7170658682634731 0.0675 0.7518712574850299 0.0605 0.7672155688622755 0.05725 0.7870508982035929 0.05375 0.7956586826347305 0.051 0.8065119760479041 0.049 0.8226047904191617 0.048 0.8255988023952096 0.04325 0.8308383233532934 0.03525 0.8604041916167665 0.03025 0.8723802395209581 0.0265 0.8884730538922155 0.0275 0.8895958083832335 0.033 0.8918413173652695 0.03725 0.8985778443113772 0.04875 0.9045658682634731 0.05725 0.9113023952095808 0.06225 0.9180389221556886 0.06425 0.9191616766467066 0.0675 0.9247754491017964 0.079 0.9348802395209581 0.08125 0.9393712574850299 0.088 0.9457335329341318 0.09175 0.9520958083832335 0.098 0.9558383233532934 0.10575 0.9595808383233533 0.11125 0.9599550898203593 0.12825 0.9651946107784432 0.13175 0.9674401197604791 0.13725 0.9738023952095808 0.14175 0.9756736526946108 0.1565 0.9779191616766467 0.16125 0.9801646706586826 0.18025 0.9786676646706587 0.19825 0.9794161676646707 0.213 0.9767964071856288 0.22075 0.9723053892215568 0.231 0.969311377245509 0.23525 0.9655688622754491 0.2445 0.9610778443113772 0.2485 0.9573353293413174 0.2635 0.9479790419161677 0.272 0.9401197604790419 0.27625 0.9341317365269461 0.283 0.9285179640718563 0.28675 0.9206586826347305 0.2895 0.9187874251497006 0.29025 0.9161676646706587 0.293 0.9139221556886228 0.29475 0.9098053892215568 0.29925 0.9124251497005988 0.3025 0.9090568862275449 0.303 0.9075598802395209 0.3015 0.9045658682634731 0.30225 0.9019461077844312 0.3095 0.8929640718562875 0.3165 0.8817365269461078 0.31825 0.8806137724550899 0.32125 0.874251497005988 0.326 0.8701347305389222 0.3305 0.8615269461077845 0.3315 0.8555389221556886 0.3335 0.8532934131736527 0.33425 0.8480538922155688 0.33775 0.8416916167664671 0.33825 0.8386976047904192 0.338 0.8342065868263473 0.33625 0.8300898203592815 0.337 0.8222305389221557 0.336 0.8181137724550899 0.3265 0.8151197604790419 0.314 0.8158682634730539 0.312 0.8143712574850299 0.31325 0.8102544910179641 0.3115 0.8095059880239521 0.3095 0.8061377245508982 0.30625 0.8053892215568862 0.303 0.8076347305389222 0.2945 0.8072604790419161 0.293 0.8038922155688623 0.291 0.8023952095808383 0.2755 0.8001497005988024 0.2675 0.7952844311377245 0.26525 0.7926646706586826 0.2585 0.7911676646706587 0.252 0.7844311377245509 0.2475 0.781811377245509 0.237 0.7795658682634731 0.23075 0.780314371257485 0.227 0.7773203592814372 0.2245 0.7724550898203593 0.22075 0.7717065868263473 0.21675 0.7675898203592815 0.21575 0.7627245508982036 0.21175 0.7593562874251497 0.21275 0.7556137724550899 0.20925 0.7548652694610778 0.20675 0.7518712574850299 0.20375 0.7443862275449101 0.20675 0.7398952095808383 0.20575 0.7357784431137725 0.20375 0.7354041916167665 0.202 0.7320359281437125 0.2 0.7309131736526946 0.193 0.7301646706586826 0.192 0.7271706586826348 0.194 0.7204341317365269 0.1855 0.719685628742515 0.17525 0.7062125748502994 0.1735 0.7013473053892215 0.17375 0.6927395209580839 0.15925 0.6736526946107785 0.15775 0.6699101796407185 0.15725 0.6616766467065869 0.155 0.6575598802395209 0.157 0.6541916167664671 0.14825 0.6414670658682635 0.1445 0.6272455089820359 0.139 0.6186377245508982 0.1375 0.6115269461077845 0.1375 0.6062874251497006 0.1295 0.5916916167664671 0.12275 0.5729790419161677 0.1155 0.563248502994012 0.1025 0.5531437125748503 0.09075 0.5400449101796407 0.08975 0.5370508982035929 0.08975 0.5325598802395209 0.09325 0.5250748502994012 0.09675 0.5209580838323353 0.09775 0.5175898203592815 0.09675 0.5134730538922155 0.09175 0.5123502994011976 0.08775 0.5074850299401198 0.0835 0.5044910179640718 0.075 0.5093562874251497 0.0735 0.5119760479041916 0.064 0.5202095808383234 0.05225 0.5400449101796407 0.0425 0.563622754491018 0.04 0.5759730538922155 0.04225 0.5797155688622755 0.04175 0.5916916167664671
1 0.3165 0.8375748502994012 0.3185 0.8401946107784432 0.3265 0.842814371257485 0.32975 0.8401946107784432 0.33575 0.8300898203592815 0.33575 0.8188622754491018 0.33425 0.8169910179640718 0.3295 0.8177395209580839 0.326 0.8147455089820359 0.3195 0.8181137724550899 0.3175 0.8207335329341318 0.31625 0.8252245508982036 0.3155 0.8312125748502994 0.3165 0.8375748502994012
1 0.13425 0.719311377245509 0.13925 0.7208083832335329 0.1465 0.7208083832335329 0.1525 0.7163173652694611 0.1565 0.7080838323353293 0.15575 0.7009730538922155 0.154 0.6991017964071856 0.1505 0.6972305389221557 0.1455 0.6972305389221557 0.13725 0.7017215568862275 0.13175 0.7095808383233533 0.13125 0.7133233532934131 0.13425 0.719311377245509