3 0.19047619047619047 0.5443121693121693 0.1932043650793651 0.5476190476190477 0.19593253968253968 0.5466269841269841 0.1974206349206349 0.5519179894179894 0.1966765873015873 0.5525793650793651 0.19618055555555555 0.560515873015873 0.19940476190476192 0.5654761904761905 0.21006944444444445 0.6068121693121693 0.21428571428571427 0.6147486772486772 0.21875 0.6183862433862434 0.22296626984126985 0.6316137566137566 0.2390873015873016 0.6541005291005291 0.24776785714285715 0.6574074074074074 0.2509920634920635 0.6603835978835979 0.26339285714285715 0.6653439153439153 0.2839781746031746 0.6646825396825397 0.298859126984127 0.6663359788359788 0.3072916666666667 0.6729497354497355 0.31820436507936506 0.6755952380952381 0.33134920634920634 0.6742724867724867 0.33978174603174605 0.6779100529100529 0.6401289682539683 0.7509920634920635 0.6515376984126984 0.7566137566137566 0.658234126984127 0.7576058201058201 0.6619543650793651 0.7549603174603174 0.6669146825396826 0.7552910052910053 0.6773313492063492 0.7602513227513228 0.7028769841269841 0.7662037037037037 0.7212301587301587 0.7665343915343915 0.7309027777777778 0.7638888888888888 0.748015873015873 0.7622354497354498 0.7532242063492064 0.7579365079365079 0.7557043650793651 0.7579365079365079 0.8182043650793651 0.7245370370370371 0.8221726190476191 0.720568783068783 0.8258928571428571 0.7199074074074074 0.8340773809523809 0.7129629629629629 0.8494543650793651 0.7076719576719577 0.8623511904761905 0.6934523809523809 0.8665674603174603 0.6782407407407407 0.8638392857142857 0.6703042328042328 0.8628472222222222 0.658068783068783 0.857390873015873 0.6550925925925926 0.8519345238095238 0.654431216931217 0.845734126984127 0.6507936507936508 0.8447420634920635 0.6471560846560847 0.8387896825396826 0.6435185185185185 0.8373015873015873 0.6395502645502645 0.8427579365079365 0.6365740740740741 0.845734126984127 0.6382275132275133 0.8497023809523809 0.6382275132275133 0.8514384920634921 0.6335978835978836 0.8571428571428571 0.6306216931216931 0.857390873015873 0.6266534391534392 0.8549107142857143 0.6193783068783069 0.8571428571428571 0.6150793650793651 0.8521825396825397 0.607473544973545 0.8519345238095238 0.6021825396825397 0.8529265873015873 0.5995370370370371 0.8501984126984127 0.5958994708994709 0.8509424603174603 0.5843253968253969 0.8534226190476191 0.5826719576719577 0.861359126984127 0.5833333333333334 0.8650793650793651 0.5813492063492064 0.8643353174603174 0.576058201058201 0.8663194444444444 0.5720899470899471 0.8673115079365079 0.5565476190476191 0.8700396825396826 0.548941798941799 0.8705357142857143 0.5324074074074074 0.8690476190476191 0.5231481481481481 0.871031746031746 0.517526455026455 0.8705357142857143 0.513558201058201 0.8643353174603174 0.4904100529100529 0.8650793650793651 0.4851190476190476 0.8625992063492064 0.478505291005291 0.859375 0.4748677248677249 0.857390873015873 0.4666005291005291 0.8536706349206349 0.4626322751322751 0.8494543650793651 0.45006613756613756 0.8474702380952381 0.44675925925925924 0.8439980158730159 0.4441137566137566 0.8363095238095238 0.4289021164021164 0.8340773809523809 0.41898148148148145 0.8288690476190477 0.41203703703703703 0.8256448412698413 0.4007936507936508 0.8179563492063492 0.38955026455026454 0.8080357142857143 0.38095238095238093 0.8082837301587301 0.376984126984127 0.8117559523809523 0.373015873015873 0.8112599206349206 0.36937830687830686 0.8033234126984127 0.36078042328042326 0.798859126984127 0.35813492063492064 0.794890873015873 0.3505291005291005 0.7906746031746031 0.3478835978835979 0.7881944444444444 0.3435846560846561 0.7872023809523809 0.33630952380952384 0.7752976190476191 0.3263888888888889 0.7718253968253969 0.3210978835978836 0.7646329365079365 0.31812169312169314 0.7574404761904762 0.3115079365079365 0.746031746031746 0.3058862433862434 0.738343253968254 0.29894179894179895 0.7261904761904762 0.29298941798941797 0.7204861111111112 0.2876984126984127 0.7090773809523809 0.2810846560846561 0.6996527777777778 0.2787698412698413 0.689484126984127 0.27843915343915343 0.6850198412698413 0.2748015873015873 0.6579861111111112 0.2744708994708995 0.6535218253968254 0.27645502645502645 0.6443452380952381 0.27744708994708994 0.6378968253968254 0.2744708994708995 0.6336805555555556 0.27414021164021163 0.6190476190476191 0.2771164021164021 0.6155753968253969 0.2794312169312169 0.6063988095238095 0.2781084656084656 0.5880456349206349 0.28273809523809523 0.5838293650793651 0.2804232804232804 0.5796130952380952 0.2757936507936508 0.576140873015873 0.26884920634920634 0.5736607142857143 0.26884920634920634 0.5709325396825397 0.26355820105820105 0.5687003968253969 0.2622354497354497 0.5052083333333334 0.25496031746031744 0.4928075396825397 0.2585978835978836 0.4756944444444444 0.25992063492063494 0.46999007936507936 0.26355820105820105 0.46726190476190477 0.26951058201058203 0.46750992063492064 0.27314814814814814 0.45362103174603174 0.2847222222222222 0.44717261904761907 0.28604497354497355 0.43874007936507936 0.2853835978835979 0.43799603174603174 0.2863756613756614 0.4347718253968254 0.2824074074074074 0.42683531746031744 0.2824074074074074 0.421875 0.2880291005291005 0.4164186507936508 0.2900132275132275 0.40749007936507936 0.2906746031746032 0.3923611111111111 0.28835978835978837 0.3732638888888889 0.2943121693121693 0.36507936507936506 0.3012566137566138 0.36061507936507936 0.30092592592592593 0.35615079365079366 0.30423280423280424 0.35267857142857145 0.30158730158730157 0.34945436507936506 0.30092592592592593 0.3462301587301587 0.30357142857142855 0.33779761904761907 0.30456349206349204 0.330109126984127 0.30853174603174605 0.3177083333333333 0.3058862433862434 0.31473214285714285 0.30787037037037035 0.310515873015873 0.30753968253968256 0.3020833333333333 0.31382275132275134 0.29464285714285715 0.3134920634920635 0.28794642857142855 0.3194444444444444 0.27901785714285715 0.32076719576719576 0.267609126984127 0.33465608465608465 0.2614087301587302 0.3373015873015873 0.25744047619047616 0.3462301587301587 0.24801587301587302 0.3551587301587302 0.24627976190476192 0.36144179894179895 0.24032738095238096 0.37202380952380953 0.23239087301587302 0.3792989417989418 0.2269345238095238 0.38855820105820105 0.22767857142857142 0.3912037037037037 0.2261904761904762 0.39616402116402116 0.2261904761904762 0.4017857142857143 0.21949404761904762 0.41964285714285715 0.21800595238095238 0.42724867724867727 0.2170138888888889 0.4348544973544973 0.2177579365079365 0.4408068783068783 0.21626984126984128 0.45205026455026454 0.21478174603174602 0.4573412698412698 0.20932539682539683 0.4662698412698413 0.20634920634920634 0.46924603174603174 0.2003968253968254 0.4828042328042328 0.1932043650793651 0.5069444444444444 0.1892361111111111 0.5320767195767195 0.18898809523809523 0.5376984126984127 0.19047619047619047 0.5443121693121693
4 0.7859623015873016 0.5608465608465608 0.7921626984126984 0.5591931216931217 0.794890873015873 0.5558862433862434 0.7958829365079365 0.5525793650793651 0.7946428571428571 0.5462962962962963 0.7919146825396826 0.5443121693121693 0.7862103174603174 0.5453042328042328 0.7842261904761905 0.5479497354497355 0.783234126984127 0.5519179894179894 0.783234126984127 0.5582010582010583 0.7859623015873016 0.5608465608465608
4 0.7428075396825397 0.6147486772486772 0.7447916666666666 0.6147486772486772 0.7470238095238095 0.6078042328042328 0.7462797619047619 0.6028439153439153 0.7440476190476191 0.6001984126984127 0.7410714285714286 0.5995370370370371 0.7398313492063492 0.5995370370370371 0.7385912698412699 0.6018518518518519 0.7390873015873016 0.6111111111111112 0.7428075396825397 0.6147486772486772
4 0.6150793650793651 0.5806878306878307 0.6183035714285714 0.5796957671957672 0.6187996031746031 0.5757275132275133 0.6178075396825397 0.5681216931216931 0.6148313492063492 0.5661375661375662 0.6108630952380952 0.5691137566137566 0.611359126984127 0.576058201058201 0.6150793650793651 0.5806878306878307
4 0.6153273809523809 0.4699074074074074 0.6190476190476191 0.47156084656084657 0.6222718253968254 0.47023809523809523 0.6252480158730159 0.4662698412698413 0.626984126984127 0.46164021164021163 0.6282242063492064 0.455026455026455 0.6277281746031746 0.4513888888888889 0.6227678571428571 0.4451058201058201 0.6190476190476191 0.44477513227513227 0.6150793650793651 0.44907407407407407 0.6123511904761905 0.45535714285714285 0.6153273809523809 0.4699074074074074
4 0.6237599206349206 0.3611111111111111 0.6267361111111112 0.3627645502645503 0.6307043650793651 0.36243386243386244 0.6364087301587301 0.35714285714285715 0.638640873015873 0.3492063492063492 0.6388888888888888 0.3412698412698413 0.6346726190476191 0.3396164021164021 0.6314484126984127 0.34093915343915343 0.6267361111111112 0.3458994708994709 0.6247519841269841 0.3501984126984127 0.6237599206349206 0.3531746031746032 0.6237599206349206 0.3611111111111111
4 0.513640873015873 0.5029761904761905 0.5186011904761905 0.49867724867724866 0.5213293650793651 0.4904100529100529 0.5213293650793651 0.4861111111111111 0.5168650793650794 0.4834656084656085 0.5111607142857143 0.48544973544973546 0.5096726190476191 0.4887566137566138 0.5119047619047619 0.5006613756613757 0.513640873015873 0.5029761904761905
4 0.47470238095238093 0.4146825396825397 0.47966269841269843 0.41534391534391535 0.48412698412698413 0.41369047619047616 0.4885912698412698 0.4083994708994709 0.4885912698412698 0.4001322751322751 0.48660714285714285 0.3912037037037037 0.48214285714285715 0.38293650793650796 0.4742063492063492 0.3855820105820106 0.4712301587301587 0.390542328042328 0.4697420634920635 0.39715608465608465 0.4694940476190476 0.40773809523809523 0.47470238095238093 0.4146825396825397
4 0.32043650793650796 0.38525132275132273 0.3216765873015873 0.3862433862433862 0.330109126984127 0.3862433862433862 0.33382936507936506 0.3826058201058201 0.3343253968253968 0.3802910052910053 0.33283730158730157 0.36904761904761907 0.328125 0.36044973544973546 0.3263888888888889 0.35912698412698413 0.32316468253968256 0.36044973544973546 0.3169642857142857 0.3673941798941799 0.31646825396825395 0.36937830687830686 0.32043650793650796 0.38525132275132273
4 0.34250992063492064 0.36408730158730157 0.34350198412698413 0.36904761904761907 0.345734126984127 0.37202380952380953 0.34970238095238093 0.3740079365079365 0.3568948412698413 0.37103174603174605 0.3576388888888889 0.36904761904761907 0.35615079365079366 0.3611111111111111 0.35367063492063494 0.3548280423280423 0.34871031746031744 0.3478835978835979 0.34523809523809523 0.3455687830687831 0.34151785714285715 0.3478835978835979 0.34052579365079366 0.351521164021164 0.34052579365079366 0.36044973544973546 0.34250992063492064 0.36408730158730157
4 0.39285714285714285 0.34755291005291006 0.39632936507936506 0.34854497354497355 0.3978174603174603 0.3468915343915344 0.3990575396825397 0.34093915343915343 0.3975694444444444 0.3382936507936508 0.392609126984127 0.3373015873015873 0.3913690476190476 0.33994708994708994 0.3916170634920635 0.3455687830687831 0.39285714285714285 0.34755291005291006
4 0.29464285714285715 0.5360449735449735 0.3005952380952381 0.531415343915344 0.30505952380952384 0.5254629629629629 0.3053075396825397 0.513558201058201 0.3040674603174603 0.5112433862433863 0.30257936507936506 0.5092592592592593 0.2986111111111111 0.5092592592592593 0.2926587301587302 0.513558201058201 0.2906746031746032 0.5257936507936508 0.29117063492063494 0.5324074074074074 0.29464285714285715 0.5360449735449735
4 0.48759920634920634 0.6775793650793651 0.49404761904761907 0.6845238095238095 0.4972718253968254 0.6858465608465608 0.5057043650793651 0.685515873015873 0.5096726190476191 0.683531746031746 0.5109126984126984 0.6815476190476191 0.5069444444444444 0.6722883597883598 0.4992559523809524 0.6643518518518519 0.49255952380952384 0.6626984126984127 0.49007936507936506 0.6640211640211641 0.4868551587301587 0.6693121693121693 0.48660714285714285 0.6736111111111112 0.48759920634920634 0.6775793650793651
4 0.1949404761904762 0.5509259259259259 0.1996527777777778 0.5515873015873016 0.20188492063492064 0.5499338624338624 0.20510912698412698 0.5439814814814815 0.2041170634920635 0.5423280423280423 0.20114087301587302 0.5413359788359788 0.19444444444444445 0.5466269841269841 0.19370039682539683 0.548941798941799 0.1949404761904762 0.5509259259259259