4 0.484375 0.4265625 0.48281250000000003 0.428125 0.48281250000000003 0.4296875 0.48124999999999996 0.43125 0.48124999999999996 0.4640625 0.48750000000000004 0.4703125 0.48750000000000004 0.478125 0.48906249999999996 0.4796875 0.5046875 0.4796875 0.5062500000000001 0.478125 0.5078125 0.478125 0.5093749999999999 0.4765625 0.5093749999999999 0.475 0.5109375 0.4734375 0.5109375 0.4703125 0.5125 0.46875 0.5125 0.4671875 0.515625 0.4640625 0.515625 0.4453125 0.5109375 0.440625 0.5109375 0.4390625 0.5093749999999999 0.4375 0.5093749999999999 0.4359375 0.5046875 0.43125 0.5046875 0.4296875 0.5 0.425 0.48750000000000004 0.425 0.48593749999999997 0.4265625 0.484375 0.4265625
4 0.5 0.603125 0.48906249999999996 0.6140625 0.48906249999999996 0.6359375 0.49062500000000003 0.6359375 0.49374999999999997 0.6390625 0.49374999999999997 0.646875 0.49531250000000004 0.6484375 0.5015624999999999 0.6484375 0.503125 0.65 0.5046875 0.65 0.5062500000000001 0.6515625 0.5093749999999999 0.6515625 0.5109375 0.65 0.5125 0.65 0.5140625000000001 0.6484375 0.515625 0.6484375 0.5171874999999999 0.646875 0.5171874999999999 0.60625 0.515625 0.6046875 0.515625 0.6015625 0.5140625000000001 0.6015625 0.5125 0.6 0.5015624999999999 0.6 0.5 0.6015625 0.5 0.603125
4 0.621875 0.425 0.6203125 0.425 0.6187499999999999 0.4265625 0.6187499999999999 0.428125 0.6125 0.434375 0.6125 0.4359375 0.6078125000000001 0.440625 0.6078125000000001 0.4421875 0.60625 0.44375 0.60625 0.4515625 0.6046875 0.453125 0.6046875 0.4578125 0.6031249999999999 0.459375 0.6031249999999999 0.4671875 0.60625 0.4703125 0.60625 0.478125 0.6109374999999999 0.4828125 0.6109374999999999 0.484375 0.6125 0.4859375 0.6140625 0.4859375 0.6156250000000001 0.4875 0.6171875 0.4859375 0.621875 0.4859375 0.6234375000000001 0.484375 0.6234375000000001 0.4828125 0.6265624999999999 0.4796875 0.628125 0.4796875 0.6296875 0.478125 0.6296875 0.4765625 0.6328125 0.4734375 0.6343749999999999 0.4734375 0.6359375 0.471875 0.6359375 0.465625 0.6375 0.4640625 0.6375 0.4609375 0.6390625000000001 0.459375 0.6390625000000001 0.4578125 0.6375 0.45625 0.6375 0.4546875 0.6359375 0.453125 0.6359375 0.4453125 0.6312500000000001 0.440625 0.6312500000000001 0.4375 0.6296875 0.4359375 0.6296875 0.4328125 0.6312500000000001 0.43125 0.6312500000000001 0.428125 0.6343749999999999 0.425 0.6343749999999999 0.4234375 0.6359375 0.421875 0.6359375 0.4109375 0.6343749999999999 0.409375 0.625 0.409375 0.625 0.421875 0.621875 0.425
4 0.4078125 0.5625 0.40625 0.5640625 0.40625 0.56875 0.4046875 0.5703125 0.4046875 0.571875 0.40312499999999996 0.5734374999999999 0.40312499999999996 0.59375 0.40625 0.596875 0.40625 0.5984375 0.4078125 0.6 0.41093749999999996 0.6 0.4125 0.5984375 0.415625 0.5984375 0.41718750000000004 0.596875 0.41718750000000004 0.5953125 0.4203125 0.5921875 0.421875 0.5921875 0.4234375 0.5906250000000001 0.4234375 0.5609375 0.41093749999999996 0.5609375 0.40937500000000004 0.5625 0.4078125 0.5625
4 0.49374999999999997 0.546875 0.4921875 0.5484375 0.4921875 0.5625 0.49374999999999997 0.5640625 0.5015624999999999 0.5640625 0.5046875 0.5609375 0.5046875 0.5578124999999999 0.5078125 0.5546875 0.5093749999999999 0.5546875 0.5109375 0.553125 0.5109375 0.5390625 0.49531250000000004 0.5390625 0.49374999999999997 0.540625 0.49374999999999997 0.546875
4 0.5687500000000001 0.425 0.5671875 0.4265625 0.565625 0.4265625 0.5609375000000001 0.43125 0.559375 0.43125 0.5562499999999999 0.434375 0.5562499999999999 0.465625 0.5703125 0.465625 0.5718749999999999 0.4640625 0.5718749999999999 0.4625 0.5734375 0.4609375 0.5734375 0.459375 0.5796874999999999 0.453125 0.5796874999999999 0.45 0.5828125 0.446875 0.5828125 0.44375 0.58125 0.4421875 0.58125 0.4375 0.5796874999999999 0.4359375 0.5796874999999999 0.425 0.578125 0.4234375 0.5734375 0.4234375 0.5718749999999999 0.425 0.5687500000000001 0.425
4 0.6515625 0.475 0.6499999999999999 0.4765625 0.6499999999999999 0.540625 0.6515625 0.5421874999999999 0.659375 0.5421874999999999 0.6609375 0.540625 0.6609375 0.5390625 0.6640625 0.5359375000000001 0.6656249999999999 0.5359375000000001 0.6671875 0.5343749999999999 0.6671875 0.5328125 0.6703125000000001 0.5296875 0.671875 0.5296875 0.6796875 0.521875 0.6796875 0.5140625 0.6812499999999999 0.5125000000000001 0.6812499999999999 0.5109374999999999 0.6828125 0.509375 0.6828125 0.5078125 0.684375 0.50625 0.684375 0.5046875000000001 0.6859375000000001 0.5031249999999999 0.6859375000000001 0.4890625 0.684375 0.4875 0.6828125 0.4875 0.6812499999999999 0.4859375 0.6812499999999999 0.484375 0.6796875 0.4828125 0.6796875 0.471875 0.6781250000000001 0.4703125 0.6578124999999999 0.4703125 0.653125 0.475 0.6515625 0.475
4 0.6890624999999999 0.5921875 0.6890624999999999 0.59375 0.6937500000000001 0.5984375 0.703125 0.5984375 0.7046874999999999 0.596875 0.7046874999999999 0.571875 0.703125 0.5703125 0.6875 0.5703125 0.6875 0.5906250000000001 0.6890624999999999 0.5921875
4 0.5328124999999999 0.6140625 0.5328124999999999 0.6296875 0.5390625 0.6359375 0.546875 0.6359375 0.5484374999999999 0.634375 0.5484374999999999 0.6140625 0.546875 0.6125 0.5453125000000001 0.6125 0.54375 0.6109375 0.5375000000000001 0.6109375 0.534375 0.6140625 0.5328124999999999 0.6140625
4 0.45156250000000003 0.4375 0.44999999999999996 0.4390625 0.44999999999999996 0.44375 0.44843750000000004 0.4453125 0.44843750000000004 0.4671875 0.45156250000000003 0.4703125 0.453125 0.4703125 0.45468749999999997 0.46875 0.45625000000000004 0.46875 0.45781249999999996 0.4671875 0.46718750000000003 0.4671875 0.47343749999999996 0.4609375 0.47343749999999996 0.453125 0.46718750000000003 0.446875 0.46718750000000003 0.4390625 0.46406250000000004 0.4359375 0.45625000000000004 0.4359375 0.45468749999999997 0.4375 0.45156250000000003 0.4375
4 0.42500000000000004 0.640625 0.421875 0.64375 0.421875 0.659375 0.4234375 0.6609375 0.4234375 0.6625 0.42500000000000004 0.6640625 0.42500000000000004 0.6703125 0.428125 0.6734375 0.43437499999999996 0.6734375 0.4359375 0.671875 0.4359375 0.659375 0.44218749999999996 0.653125 0.44218749999999996 0.6515625 0.4453125 0.6484375 0.44687499999999997 0.6484375 0.44843750000000004 0.646875 0.44843750000000004 0.6390625 0.44687499999999997 0.6375 0.42656249999999996 0.6375 0.42500000000000004 0.6390625 0.42500000000000004 0.640625
4 0.35624999999999996 0.5703125 0.35624999999999996 0.5859375 0.359375 0.5859375 0.3671875 0.578125 0.3671875 0.5765625 0.37031250000000004 0.5734374999999999 0.37187499999999996 0.5734374999999999 0.3734375 0.571875 0.3734375 0.5640625 0.37187499999999996 0.5625 0.37031250000000004 0.5625 0.36875 0.5609375 0.36250000000000004 0.5609375 0.36250000000000004 0.5640625 0.35624999999999996 0.5703125
3 0.3600260416666667 0.5732060185185185 0.3600260416666667 0.5769675925925926 0.3611111111111111 0.5798611111111112 0.3572048611111111 0.5844907407407407 0.3548177083333333 0.5949074074074074 0.3552517361111111 0.5998263888888888 0.3565538194444444 0.6030092592592593 0.3563368055555556 0.6073495370370371 0.3778211805555556 0.6426504629629629 0.3806423611111111 0.6507523148148148 0.3841145833333333 0.6542245370370371 0.392578125 0.6582754629629629 0.4038628472222222 0.6698495370370371 0.4060329861111111 0.6698495370370371 0.4273003472222222 0.6796875 0.4351128472222222 0.6793981481481481 0.4381510416666667 0.6776620370370371 0.4483506944444444 0.6785300925925926 0.4592013888888889 0.6854745370370371 0.4624565972222222 0.6906828703703703 0.4689670138888889 0.6927083333333334 0.4765625 0.6993634259259259 0.4782986111111111 0.7002314814814815 0.486328125 0.6999421296296297 0.4939236111111111 0.7083333333333334 0.5128038194444444 0.7129629629629629 0.5198930121527777 0.7115162037037037 0.525390625 0.7155671296296297 0.5301649305555556 0.7158564814814815 0.5444878472222222 0.7094907407407407 0.5483940972222222 0.7042824074074074 0.556640625 0.6982060185185185 0.5601128472222222 0.6932870370370371 0.5638020833333334 0.6808449074074074 0.5694444444444444 0.671875 0.5870225694444444 0.6611689814814815 0.591796875 0.6597222222222222 0.5965711805555556 0.6608796296296297 0.603515625 0.6594328703703703 0.6078559027777778 0.6626157407407407 0.6247829861111112 0.6629050925925926 0.6349826388888888 0.6623263888888888 0.6484375 0.6579861111111112 0.6623263888888888 0.6629050925925926 0.6697048611111112 0.6603009259259259 0.6733940972222222 0.6574074074074074 0.681640625 0.6582754629629629 0.689453125 0.6565393518518519 0.6957465277777778 0.6507523148148148 0.703125 0.6472800925925926 0.7055121527777778 0.6426504629629629 0.7115885416666666 0.6385995370370371 0.7154947916666666 0.6336805555555556 0.7191840277777778 0.6177662037037037 0.7272135416666666 0.6032986111111112 0.728515625 0.5923032407407407 0.7280815972222222 0.5870949074074074 0.7296006944444444 0.5798611111111112 0.7280815972222222 0.5772569444444444 0.7228732638888888 0.5763888888888888 0.720703125 0.5746527777777778 0.7197265625 0.5733506944444444 0.7198350694444444 0.5688657407407407 0.724609375 0.5697337962962963 0.7276475694444444 0.5662615740740741 0.7287326388888888 0.5636574074074074 0.7319878472222222 0.5445601851851852 0.73046875 0.5329861111111112 0.7278645833333334 0.5292245370370371 0.7248263888888888 0.5176504629629629 0.7215711805555556 0.5147569444444444 0.71484375 0.5005787037037037 0.7098524305555556 0.49623842592592593 0.7057291666666666 0.4869791666666667 0.7016059027777778 0.4809027777777778 0.6983506944444444 0.47800925925925924 0.6883680555555556 0.4730902777777778 0.6872829861111112 0.4699074074074074 0.6827256944444444 0.4635416666666667 0.681640625 0.4586226851851852 0.6773003472222222 0.4513888888888889 0.6736111111111112 0.45023148148148145 0.6651475694444444 0.44241898148148145 0.6584201388888888 0.4383680555555556 0.6566840277777778 0.4351851851851852 0.6566840277777778 0.43171296296296297 0.6540798611111112 0.42679398148148145 0.6499565972222222 0.42563657407407407 0.6490885416666666 0.4236111111111111 0.640625 0.4146412037037037 0.6388888888888888 0.4105902777777778 0.6278211805555556 0.4050925925925926 0.619140625 0.3961226851851852 0.615234375 0.39380787037037035 0.6111111111111112 0.39380787037037035 0.6076388888888888 0.39525462962962965 0.5891927083333334 0.3912037037037037 0.5759548611111112 0.39207175925925924 0.5646701388888888 0.38744212962962965 0.5598958333333334 0.3871527777777778 0.5523003472222222 0.3839699074074074 0.5486111111111112 0.3833912037037037 0.5442708333333334 0.38599537037037035 0.5381944444444444 0.3804976851851852 0.5303819444444444 0.37702546296296297 0.5240885416666666 0.37644675925925924 0.5110677083333334 0.3784722222222222 0.4822048611111111 0.3784722222222222 0.4720052083333333 0.3833912037037037 0.4626736111111111 0.3862847222222222 0.4576822916666667 0.3900462962962963 0.4548611111111111 0.38917824074074076 0.43359375 0.3984375 0.4157986111111111 0.4019097222222222 0.3977864583333333 0.4079861111111111 0.3953993055555556 0.4123263888888889 0.3910590277777778 0.4157986111111111 0.3930121527777778 0.42332175925925924 0.392578125 0.4270833333333333 0.3899739583333333 0.43171296296296297 0.3880208333333333 0.45341435185185186 0.38671875 0.5082465277777778 0.3841145833333333 0.5133101851851852 0.376953125 0.5179398148148148 0.3747829861111111 0.5205439814814815 0.3643663194444444 0.5410879629629629 0.361328125 0.5512152777777778 0.3611111111111111 0.5651041666666666 0.3600260416666667 0.5732060185185185